CarVi_Cascade File  -ver 1.0

height 20
width 20
stagenum 16

stages
stage 0
treesize 9
stagethreshold -2.529630
  internal  -0.162204  -0.940385   245  -0.043183
  internal  -0.771152   0.266139    28   0.271349
  internal   0.457438  -0.519064   452  -0.003726
  internal  -0.290125   0.597763    55   0.004926
  internal   0.417393  -0.354356   185  -0.010381
  internal  -0.449890   0.325101   411   0.008232
  internal   0.330956  -0.361217   312  -0.007789
  internal   0.159206  -0.777994   202   0.002978
  internal   0.271675  -0.417251   257  -0.000933

stage 1
treesize 12
stagethreshold -2.483768
  internal  -0.865091   0.114625   441   0.022672
  internal  -0.813354   0.084053   120   0.059478
  internal   0.400196  -0.507217   368  -0.019829
  internal  -0.337386   0.467247    44   0.004760
  internal  -0.453968   0.315444   403   0.026475
  internal   0.329844  -0.394119   182  -0.005923
  internal   0.154852  -0.795982   183   0.067819
  internal  -0.816508   0.127719    19  -0.102933
  internal   0.633344  -0.184936    65  -0.013850
  internal  -0.206631   0.469449   135   0.002432
  internal  -0.764463   0.138982   176  -0.014659
  internal   0.133418  -0.801376   117   0.008314

stage 2
treesize 15
stagethreshold -2.460057
  internal  -0.859688   0.006923    65   0.024055
  internal  -0.680628   0.195683    57   0.024827
  internal  -0.398891   0.449631   439   0.004951
  internal  -0.471844   0.332343    20   0.085665
  internal   0.229704  -0.619146   167  -0.005347
  internal   0.462916  -0.303473   351  -0.011661
  internal   0.299479  -0.326108   420  -0.002090
  internal  -0.718750   0.136642   222  -0.005264
  internal   0.083128  -0.815707    63   0.101574
  internal   0.582731  -0.173225    64  -0.001925
  internal  -0.872585   0.110678   175  -0.009498
  internal  -0.240757   0.345677    43   0.006395
  internal   0.223095  -0.358438   399  -0.000186
  internal   0.120790  -0.643440   288   0.072293
  internal   0.249297  -0.278712   344  -0.002248

stage 3
treesize 20
stagethreshold -2.554297
  internal  -0.859707  -0.190083    32   0.090482
  internal   0.167005  -0.609671   455  -0.005563
  internal  -0.476718   0.307886    14   0.026430
  internal  -0.418110   0.267930    16   0.056806
  internal   0.472112  -0.211113   369  -0.003192
  internal  -0.739943   0.139739    37  -0.077827
  internal   0.105166  -0.736897   116   0.003749
  internal   0.305981  -0.300871   192  -0.009751
  internal   0.246549  -0.423912    90  -0.011470
  internal  -0.278889   0.356942    34   0.004277
  internal  -0.712938   0.118408   324  -0.004400
  internal  -0.726141   0.076732   208  -0.062477
  internal  -0.160496   0.454649   451   0.002198
  internal  -0.266101   0.269829    88   0.002189
  internal  -0.742701   0.106090   151  -0.004840
  internal  -0.141126   0.571908   453   0.005188
  internal   0.569028  -0.114505   453  -0.004344
  internal   0.508609  -0.119625    40  -0.003709
  internal   0.092506  -0.731435   125   0.042078
  internal  -0.607180   0.102186    18  -0.055666

stage 4
treesize 10
stagethreshold -2.548307
  internal  -0.849892   0.005084   448   0.029382
  internal  -0.643455   0.200829    27   0.335123
  internal  -0.838369   0.124639   260  -0.003017
  internal   0.170338  -0.750200   286   0.000847
  internal   0.222657  -0.519297     9  -0.016776
  internal   0.169342  -0.792901   284   0.001055
  internal  -0.799732   0.143180   284  -0.001399
  internal  -0.189675   0.596751    54   0.023067
  internal   0.736461  -0.110924   131  -0.006021
  internal   0.120445  -0.806049   113   0.001085

stage 5
treesize 17
stagethreshold -2.393347
  internal  -0.865281  -0.243221   436   0.083455
  internal  -0.060750  -0.770308   299  -0.093607
  internal   0.207531  -0.545072   121  -0.017554
  internal   0.136124  -0.699741   354   0.001373
  internal  -0.729715   0.165539   374  -0.000525
  internal   0.272851  -0.370296   361  -0.027276
  internal  -0.756358   0.115533    38  -0.090453
  internal  -0.163725   0.582301   195   0.035574
  internal  -0.113712   0.651031   194   0.037858
  internal   0.231165  -0.370416   155  -0.005912
  internal   0.117243  -0.640719   428   0.000843
  internal   0.328235  -0.250103   450  -0.007733
  internal   0.526645  -0.138265   139  -0.027277
  internal   0.634617  -0.111442   440  -0.004818
  internal   0.118464  -0.715031   341   0.000545
  internal   0.526251  -0.159713   142  -0.025529
  internal   0.480491  -0.175117   143  -0.022006

stage 6
treesize 22
stagethreshold -2.349677
  internal  -0.858046  -0.384127   434   0.108701
  internal  -0.032750  -0.690846   289  -0.038719
  internal  -0.373616   0.306057    87   0.003895
  internal  -0.477221   0.201251   409   0.042077
  internal  -0.225554   0.391250    46   0.007024
  internal  -0.190443   0.398384   332   0.005324
  internal   0.126629  -0.665244   201   0.001566
  internal  -0.767832   0.092345   200  -0.001691
  internal   0.213074  -0.325233   333  -0.013305
  internal   0.073180  -0.774463    25   0.077681
  internal   0.108232  -0.568858   210   0.005399
  internal  -0.743107   0.068838    51  -0.051928
  internal   0.059527  -0.775534   311   0.240562
  internal   0.093124  -0.576513   248   0.025600
  internal   0.155082  -0.356884    98  -0.000075
  internal   0.339358  -0.157825   276  -0.008704
  internal   0.184688  -0.285597   107  -0.000042
  internal   0.103726  -0.506222    99   0.018369
  internal   0.298437  -0.201908   236  -0.004342
  internal  -0.607762   0.082849   173  -0.014358
  internal  -0.216507   0.237993   422   0.003867
  internal   0.118198  -0.432679   265   0.000680

stage 7
treesize 24
stagethreshold -2.492003
  internal  -0.840391  -0.280592    65   0.031166
  internal  -0.674706  -0.030260   345   0.057741
  internal  -0.608971   0.129138   320   0.005294
  internal  -0.344117   0.296422    23   0.028550
  internal   0.114166  -0.755688   177   0.001546
  internal  -0.664122   0.123959   177  -0.000953
  internal   0.230235  -0.322492   449  -0.004191
  internal   0.090813  -0.770951   357   0.067229
  internal   0.091270  -0.651636   258   0.000947
  internal   0.131469  -0.503509   402   0.058076
  internal  -0.605079   0.110096   259  -0.002232
  internal   0.520261  -0.132706    80  -0.026007
  internal   0.612974  -0.100242   193  -0.033526
  internal   0.169791  -0.373509   327  -0.008494
  internal  -0.787916   0.062509    79  -0.062746
  internal   0.209280  -0.258224   390  -0.018357
  internal   0.063614  -0.844336    74   0.091136
  internal   0.609026  -0.107786   280  -0.018856
  internal  -0.598057   0.100251    62  -0.053263
  internal  -0.612932   0.074503   159  -0.027375
  internal  -0.229478   0.231673    42   0.003988
  internal   0.499020  -0.122545    66  -0.006858
  internal   0.103431  -0.527728   308   0.001341
  internal  -0.109756   0.511138   131   0.006813

stage 8
treesize 29
stagethreshold -2.392093
  internal  -0.214493  -0.834087    70  -0.046493
  internal  -0.703437  -0.097872   393   0.035106
  internal   0.343768  -0.268355   297  -0.003083
  internal   0.228960  -0.324855   364  -0.024763
  internal  -0.381943   0.212137   353   0.009589
  internal  -0.264242   0.260309    34   0.005134
  internal  -0.596034   0.119438   323  -0.002360
  internal  -0.241243   0.231520    82   0.004467
  internal  -0.647564   0.083126   306  -0.000940
  internal   0.611436  -0.099919   274  -0.019235
  internal   0.543652  -0.085190   283  -0.021125
  internal   0.517603  -0.099425   198  -0.034876
  internal  -0.509430   0.119164   474  -0.004580
  internal   0.171637  -0.287825   158  -0.011659
  internal   0.380523  -0.136532   238  -0.014642
  internal   0.087986  -0.576948   250   0.000968
  internal  -0.889065   0.049134   206  -0.094537
  internal   0.209748  -0.231424   446  -0.006059
  internal   0.092983  -0.552945    59   0.026715
  internal  -0.582078   0.072492   153  -0.022354
  internal   0.064570  -0.648195   443   0.006643
  internal   0.528734  -0.097437   453  -0.006596
  internal   0.091371  -0.563125    52   0.053777
  internal   0.519401  -0.098489   441  -0.018049
  internal   0.078629  -0.605479   358   0.039302
  internal   0.081457  -0.482673   203   0.009257
  internal  -0.774853   0.044620    39  -0.381153
  internal   0.045668  -0.767980   287   0.072530
  internal  -0.546425   0.062350   244  -0.001106

stage 9
treesize 32
stagethreshold -2.518494
  internal  -0.898066  -0.625772     7   0.040144
  internal   0.039071  -0.567810   424  -0.002414
  internal  -0.453289   0.233599   377   0.010907
  internal  -0.478853   0.197875    15   0.035648
  internal  -0.226126   0.314991    44   0.005666
  internal   0.250522  -0.260709   111  -0.003000
  internal  -0.181089   0.337744   270   0.003761
  internal  -0.569345   0.100586   160  -0.035470
  internal   0.159809  -0.328619   128  -0.000538
  internal  -0.112605   0.402166   441   0.027183
  internal   0.173133  -0.264724   398  -0.002669
  internal  -0.553882   0.076927    61  -0.041537
  internal   0.214231  -0.210806   367  -0.002828
  internal  -0.584219   0.073808   243  -0.042814
  internal  -0.420800   0.094230   365   0.004110
  internal   0.049694  -0.699565    53   0.083388
  internal   0.184059  -0.200467   458  -0.001320
  internal   0.369608  -0.106982    50  -0.028488
  internal   0.297443  -0.125207    67  -0.010315
  internal  -0.149744   0.228583   172   0.000546
  internal  -0.552555   0.062478   472  -0.002853
  internal  -0.742241   0.035382   315  -0.157710
  internal  -0.618245   0.047502   217  -0.040215
  internal  -0.141977   0.229989   318   0.003961
  internal   0.044749  -0.698640    79   0.069903
  internal   0.154517  -0.187760   214  -0.002555
  internal   0.182395  -0.171142   180  -0.011214
  internal  -0.631678   0.060055   410  -0.033323
  internal   0.096779  -0.298324   106   0.000167
  internal  -0.567317   0.053421   433  -0.034567
  internal   0.244797  -0.130287   427  -0.000575
  internal   0.089354  -0.358072   266   0.000520

stage 10
treesize 37
stagethreshold -2.323407
  internal  -0.852419  -0.477092    32   0.091118
  internal  -0.552487  -0.031686    57   0.031876
  internal  -0.494523   0.134857   360   0.047757
  internal  -0.174801   0.320514   335   0.004747
  internal  -0.157971   0.305048    84   0.001399
  internal   0.103585  -0.556529   109   0.015278
  internal  -0.178869   0.295889   438   0.006472
  internal   0.079369  -0.656705    85   0.003255
  internal   0.041402  -0.796888   295   0.021939
  internal  -0.667118   0.047965   307  -0.001558
  internal   0.295920  -0.124345   196  -0.020454
  internal   0.352366  -0.127973   197  -0.019763
  internal  -0.505156   0.078840   475  -0.005524
  internal   0.092145  -0.403421   205   0.001220
  internal   0.175726  -0.211486   351  -0.008205
  internal   0.060849  -0.575042   228   0.000673
  internal   0.170674  -0.212150   127  -0.000453
  internal   0.322666  -0.108306   171  -0.021055
  internal   0.050038  -0.688165     6   0.227892
  internal  -0.571498   0.049698   247  -0.033479
  internal  -0.587308   0.050596   226  -0.347240
  internal  -0.434337   0.072010   108  -0.005674
  internal   0.053171  -0.597954     5   0.118908
  internal  -0.209726   0.156719   147   0.001056
  internal   0.135806  -0.259032   124  -0.008470
  internal  -0.722657   0.048568   237  -0.019202
  internal   0.174559  -0.187218   457  -0.003094
  internal   0.056741  -0.600674   112   0.000350
  internal   0.223032  -0.161487     2  -0.001298
  internal   0.453259  -0.072796   131  -0.006916
  internal   0.172732  -0.179775   199  -0.001179
  internal   0.108379  -0.297345   362   0.001139
  internal   0.569176  -0.059751   165  -0.040919
  internal  -0.910877   0.039102   268  -0.168320
  internal   0.086269  -0.314610   293   0.000925
  internal  -0.356785   0.077393    86  -0.006950
  internal  -0.157468   0.186977   253   0.003109

stage 11
treesize 46
stagethreshold -2.327667
  internal  -0.865260  -0.589876    32   0.069783
  internal  -0.492961   0.017764   416   0.021859
  internal  -0.394815   0.143202   395   0.000030
  internal   0.203694  -0.268313   423  -0.003024
  internal   0.353318  -0.116063   316  -0.003941
  internal  -0.328206   0.130566   118   0.033390
  internal  -0.266852   0.156829   122   0.014421
  internal  -0.587719   0.064950    26  -0.079656
  internal   0.079355  -0.408974   221   0.001380
  internal   0.055509  -0.621308   415   0.046762
  internal  -0.741662   0.037574    51  -0.058994
  internal   0.452181  -0.081293   447  -0.007300
  internal  -0.235692   0.152935    83   0.001867
  internal   0.388373  -0.083785   255  -0.002025
  internal  -0.087398   0.372402   275   0.017197
  internal  -0.737859   0.045209   292  -0.037393
  internal  -0.429411   0.059849   366  -0.000639
  internal   0.187359  -0.159284   232  -0.005243
  internal  -0.600722   0.048798   224  -0.072110
  internal  -0.274723   0.109202   356  -0.000254
  internal   0.116391  -0.249644   399  -0.000060
  internal  -0.740123   0.038703   465  -0.006098
  internal  -0.662536   0.034698   218  -0.019646
  internal   0.179006  -0.166145   445  -0.008826
  internal  -0.093285   0.335156    56   0.027882
  internal   0.229770  -0.148839   164  -0.003015
  internal   0.053910  -0.556038    77   0.023909
  internal   0.038986  -0.606600   115   0.001680
  internal   0.117226  -0.220783   157  -0.000014
  internal   0.244582  -0.118175   328  -0.003190
  internal  -0.400422   0.076467   412   0.007108
  internal   0.170705  -0.171395   359  -0.004091
  internal  -0.511776   0.053340    68  -0.033621
  internal  -0.150558   0.184080    11   0.007745
  internal   0.047846  -0.568079   138   0.051251
  internal  -0.395684   0.059047   227  -0.014514
  internal   0.089231  -0.332091   186   0.001620
  internal  -0.579034   0.046085   269  -0.025665
  internal  -0.165241   0.161949   174   0.000015
  internal  -0.581529   0.043049   389  -0.014148
  internal   0.030513  -0.747453    29   0.462541
  internal  -0.622488   0.031806   388  -0.011222
  internal  -0.080587   0.314984   145   0.014862
  internal   0.347259  -0.063092   282  -0.016440
  internal  -0.566260   0.049286    96  -0.003837
  internal   0.178937  -0.141499   256  -0.004921

stage 12
treesize 51
stagethreshold -2.198981
  internal  -0.861587  -0.622680    47   0.029804
  internal  -0.419231   0.130346   272   0.006017
  internal  -0.337108   0.165374    48   0.027048
  internal   0.187708  -0.238393    21  -0.002334
  internal   0.139979  -0.515658   156   0.013482
  internal  -0.233421   0.170151   437   0.006408
  internal  -0.611925   0.074959    24  -0.054766
  internal  -0.183020   0.180077    89   0.004491
  internal  -0.100060   0.349881    54   0.027120
  internal   0.448937  -0.085170   131  -0.007523
  internal   0.074057  -0.505911   202   0.001785
  internal   0.169562  -0.158819   314  -0.001843
  internal  -0.499476   0.053515   148  -0.003583
  internal   0.139812  -0.202006   305  -0.000875
  internal   0.056049  -0.484763   271   0.023507
  internal   0.105247  -0.269658   235  -0.002354
  internal   0.151655  -0.192656   419  -0.004351
  internal  -0.474362   0.060352   166  -0.043395
  internal  -0.205177   0.137857   241   0.003459
  internal   0.055631  -0.461211    78   0.032228
  internal  -0.459413   0.052051   381  -0.001220
  internal   0.173549  -0.164871   378  -0.001686
  internal   0.037672  -0.695482   117   0.009045
  internal  -0.681446   0.028640   212  -0.102324
  internal  -0.388005   0.057237   104  -0.013706
  internal   0.242387  -0.106701   426  -0.001000
  internal  -0.108393   0.233851    97   0.000951
  internal   0.061988  -0.420608   473   0.006517
  internal   0.036026  -0.603406   114   0.001463
  internal  -0.081316   0.306889   418   0.033918
  internal   0.269237  -0.095703   405  -0.007273
  internal   0.055821  -0.467816    72   0.034990
  internal  -0.087208   0.279200    71   0.016310
  internal  -0.064736   0.354779   371   0.152149
  internal   0.129566  -0.181173   326  -0.005943
  internal  -0.074373   0.335054    76   0.020320
  internal   0.174043  -0.129814    75  -0.003002
  internal   0.047798  -0.444508   213   0.000718
  internal   0.529219  -0.051981    49  -0.027455
  internal   0.066149  -0.339148   291   0.001347
  internal   0.264939  -0.079556   386  -0.005336
  internal   0.021891  -0.946592   191   0.046155
  internal   0.045903  -0.374817    95   0.000673
  internal  -0.106853   0.185412   254   0.002769
  internal  -0.672921   0.029363   336  -0.088756
  internal   0.197633  -0.100959   149  -0.014163
  internal  -0.079461   0.270611   302   0.015325
  internal   0.142566  -0.139677   348  -0.003603
  internal   0.178007  -0.112752   223  -0.000342
  internal  -0.567886   0.036236   233  -0.051084
  internal   0.199155  -0.104766   277  -0.010998

stage 13
treesize 54
stagethreshold -2.247592
  internal  -0.866316  -0.663311   136   0.016652
  internal  -0.630205  -0.161969    16   0.057592
  internal  -0.163382   0.291044   441   0.022371
  internal   0.187460  -0.203872   346  -0.004137
  internal  -0.152033   0.236524    93   0.001945
  internal   0.461007  -0.088089   456  -0.006031
  internal  -0.170365   0.209552    41   0.006264
  internal  -0.429792   0.086857   319   0.007728
  internal   0.051335  -0.557883   375   0.001571
  internal  -0.139896   0.213037   273   0.006167
  internal  -0.480243   0.068457    10  -0.042152
  internal   0.086110  -0.305134   294   0.001429
  internal   0.130236  -0.210885    13  -0.004107
  internal   0.113906  -0.227627   444  -0.000034
  internal   0.068606  -0.378115   309   0.000974
  internal   0.068144  -0.348469   401   0.014972
  internal  -0.498121   0.045335   343  -0.137619
  internal  -0.163868   0.152996   330   0.002488
  internal   0.631194  -0.038628   163  -0.043014
  internal   0.147969  -0.163638   459  -0.001950
  internal  -0.086903   0.275675   296   0.031338
  internal   0.229734  -0.107952   225  -0.003313
  internal  -0.075793   0.373714   179   0.019132
  internal   0.094160  -0.280505   229   0.019179
  internal  -0.580519   0.040466   189  -0.046049
  internal   0.114239  -0.213208   234   0.000688
  internal   0.155747  -0.148878   425  -0.000363
  internal   0.055480  -0.388645   285   0.001067
  internal  -0.061746   0.382348   454   0.003414
  internal  -0.630858   0.037750   261  -0.046006
  internal   0.502541  -0.050482   140  -0.024139
  internal  -0.391339   0.061301   146  -0.023566
  internal  -0.749387   0.025381     8  -0.171030
  internal   0.039115  -0.505530   471   0.003442
  internal   0.085609  -0.254263   207   0.000215
  internal   0.024251  -0.798087   355   0.039979
  internal   0.038052  -0.490362   321   0.062767
  internal  -0.823623   0.019885     3  -0.063642
  internal  -0.694028   0.021922   337  -0.103975
  internal   0.041408  -0.426515   417   0.025997
  internal  -0.613798   0.030008    81  -0.026641
  internal   0.433390  -0.050147   132  -0.028549
  internal  -0.755214   0.027867   262  -0.167046
  internal   0.061711  -0.292308   184   0.001196
  internal   0.113400  -0.179428   230  -0.000166
  internal   0.363019  -0.054873   190  -0.006879
  internal  -0.451775   0.049237    60  -0.033175
  internal  -0.674953   0.023232    73  -0.073860
  internal   0.311799  -0.066036   215  -0.031648
  internal   0.139419  -0.148438   349  -0.030003
  internal   0.123674  -0.175258   240  -0.005488
  internal   0.044318  -0.438602    94   0.002156
  internal   0.161085  -0.116554   338  -0.000784
  internal  -0.073224   0.243133   169   0.017582

stage 14
treesize 69
stagethreshold -2.202640
  internal  -0.669189  -0.862202   246  -0.024137
  internal  -0.101241  -0.485527   333  -0.033072
  internal  -0.310538   0.118635   347   0.068236
  internal   0.193982  -0.188215   461  -0.001450
  internal  -0.092608   0.321554   331   0.005639
  internal   0.077580  -0.459007    18   0.049009
  internal  -0.140697   0.203575    33   0.007764
  internal   0.047766  -0.508192   200   0.000916
  internal   0.128392  -0.196703   105  -0.000028
  internal  -0.594701   0.041813   290  -0.170663
  internal  -0.197714   0.115980   363   0.002151
  internal   0.055457  -0.453341   435   0.002153
  internal   0.079371  -0.287201   249   0.005977
  internal   0.058042  -0.371607   104   0.008571
  internal   0.151202  -0.155609   407  -0.000778
  internal   0.044969  -0.520745   103   0.019389
  internal   0.079397  -0.290168   383   0.000450
  internal   0.107773  -0.192586   123  -0.004302
  internal  -0.064824   0.319879   300   0.012018
  internal  -0.150895   0.135934    88   0.004196
  internal  -0.104638   0.201691   429   0.108574
  internal  -0.626614   0.032367   267  -0.031095
  internal  -0.347715   0.051450    36  -0.021740
  internal  -0.497307   0.034873   237  -0.014908
  internal   0.024820  -0.681929   325   0.036624
  internal  -0.581340   0.029351   431  -0.027891
  internal   0.255751  -0.071008    30  -0.001285
  internal  -0.280401   0.063563   467  -0.001206
  internal   0.272364  -0.065358   279  -0.011265
  internal  -0.082080   0.269820   281   0.018532
  internal  -0.472652   0.042865   406  -0.002699
  internal  -0.518223   0.029353   339  -0.294674
  internal  -0.597534   0.026067    68  -0.046086
  internal   0.038033  -0.420486   476   0.002120
  internal  -0.033286   0.554115   391   0.064730
  internal   0.218561  -0.090901    35  -0.007971
  internal  -0.129487   0.140701   466   0.000029
  internal   0.792677  -0.022981   170  -0.042637
  internal   0.036901  -0.530231   100   0.002292
  internal   0.144370  -0.118686   102  -0.001856
  internal  -0.365712   0.043635   154  -0.033870
  internal   0.077975  -0.225430   379   0.000238
  internal   0.226583  -0.087981   400  -0.000780
  internal   0.114849  -0.167788   413   0.000379
  internal  -0.777334   0.019249   161  -0.121940
  internal  -0.305828   0.046369   126  -0.060455
  internal  -0.098962   0.171455    84   0.002123
  internal   0.069655  -0.241264   468   0.001211
  internal  -0.298486   0.060729   470  -0.001049
  internal   0.017415  -0.843361   204   0.172348
  internal  -0.469653   0.029342   384  -0.010333
  internal  -0.336183   0.044524   178  -0.000649
  internal   0.194207  -0.083787    31  -0.001954
  internal   0.033372  -0.498421   162   0.064258
  internal   0.193047  -0.083765   408  -0.000247
  internal  -0.101708   0.148833   137   0.033703
  internal  -0.414036   0.047602   130  -0.145105
  internal   0.207970  -0.074568   298  -0.002454
  internal  -0.381383   0.041560   404  -0.005590
  internal   0.027071  -0.506361   141   0.027116
  internal   0.082209  -0.172475   313   0.000443
  internal   0.116338  -0.133669   239  -0.003189
  internal  -0.203271   0.080524     0  -0.000818
  internal   0.025283  -0.579083   301   0.014921
  internal  -0.429648   0.032981   394  -0.031472
  internal   0.128130  -0.113680   219  -0.003415
  internal  -0.067733   0.249715   303   0.015720
  internal   0.225881  -0.068805   317  -0.074240
  internal  -0.688751   0.021904   304  -0.009146

stage 15
treesize 71
stagethreshold -2.097228
  internal  -0.713081  -0.883135     1  -0.075729
  internal  -0.438383  -0.061591   334   0.002060
  internal  -0.350039   0.093581   414   0.021469
  internal  -0.247694   0.142027   382   0.000031
  internal   0.112169  -0.232055   421  -0.002060
  internal  -0.080290   0.276539    65   0.023896
  internal   0.299756  -0.085029   134  -0.003049
  internal  -0.199210   0.114996   242   0.004112
  internal   0.141071  -0.180542   110  -0.001650
  internal   0.071447  -0.315074   469   0.001113
  internal   0.097801  -0.210044   392   0.017884
  internal  -0.177192   0.122626    45   0.004449
  internal   0.099952  -0.219360   129   0.000626
  internal   0.038680  -0.512892    17   0.041108
  internal   0.112129  -0.190033    12  -0.003181
  internal  -0.074719   0.247070   310   0.005626
  internal   0.123982  -0.146573    22  -0.007888
  internal   0.071010  -0.259500   209   0.000892
  internal   0.023661  -0.667108   216   0.041984
  internal  -0.305847   0.050028   144  -0.001187
  internal   0.208883  -0.080592   168  -0.005821
  internal   0.199542  -0.081529   278  -0.015144
  internal  -0.146523   0.108987   430  -0.000151
  internal   0.077810  -0.201751   181   0.000510
  internal  -0.237972   0.067799   396  -0.003189
  internal   0.196567  -0.092449   352  -0.002272
  internal  -0.117102   0.135336   460   0.002127
  internal   0.044928  -0.344907   101   0.001115
  internal  -0.059132   0.360823   322   0.005129
  internal   0.051827  -0.360504   477   0.000461
  internal  -0.635931   0.020311   372  -0.017320
  internal   0.026976  -0.489598   263   0.024491
  internal   0.034304  -0.412016   133   0.048438
  internal   0.020667  -0.660160   211   0.303646
  internal  -0.416275   0.032365   472  -0.002658
  internal  -0.036445   0.428692   462   0.002937
  internal  -0.538835   0.029101   478  -0.002567
  internal   0.237275  -0.064137   432  -0.000782
  internal   0.054629  -0.262659   397   0.006054
  internal  -0.373418   0.037742    69  -0.043062
  internal   0.039532  -0.343742   376   0.026307
  internal  -0.463376   0.029419   119  -0.292814
  internal   0.066957  -0.215869   188   0.001412
  internal   0.020508  -0.639270   152   0.027310
  internal  -0.136315   0.100782   150   0.000569
  internal  -0.106392   0.135008   251   0.004186
  internal  -0.247374   0.060608   342  -0.000993
  internal  -0.441187   0.032009   350  -0.096397
  internal   0.164381  -0.081217   463  -0.000375
  internal   0.141841  -0.105027   385  -0.004756
  internal  -0.291413   0.049426    91  -0.001434
  internal  -0.053745   0.296214    92   0.001206
  internal  -0.417570   0.034920   466  -0.000330
  internal   0.248889  -0.056256   453  -0.006617
  internal  -0.055857   0.250437   453   0.007210
  internal  -0.016616   0.778326   442   0.050242
  internal   0.117128  -0.121210   373  -0.003908
  internal   0.102952  -0.133857    58  -0.009170
  internal  -0.223090   0.063969   231   0.000048
  internal  -0.049229   0.307390   264   0.020450
  internal   0.063535  -0.238503   329   0.001056
  internal   0.018044  -0.757728   380   0.029360
  internal   0.134729  -0.103269   387  -0.001449
  internal  -0.753054   0.017450   220  -0.001000
  internal   0.108160  -0.122992   370  -0.002671
  internal   0.102513  -0.124124   464  -0.000324
  internal   0.133520  -0.108796   340  -0.003411
  internal   0.082441  -0.142384   252   0.000285
  internal  -0.069375   0.180782   451   0.001844
  internal  -0.746534   0.016110     4  -0.502915
  internal  -0.305062   0.035742   187  -0.027956


featurenum 479

features
  rectnum 2
  rects
     0  0  1  4 -1.0
     0  2  1  2  2.0
  tilted 0

  rectnum 2
  rects
     0  0  9  9 -1.0
     3  3  3  3  9.0
  tilted 0

  rectnum 3
  rects
     0  0  8  2 -1.0
     0  0  4  1  2.0
     4  1  4  1  2.0
  tilted 0

  rectnum 2
  rects
     0  0  5  6 -1.0
     0  2  5  2  3.0
  tilted 0

  rectnum 2
  rects
     0  0 18 15 -1.0
     6  5  6  5  9.0
  tilted 0

  rectnum 3
  rects
     0  0 20 20 -1.0
     0  0 10 10  2.0
    10 10 10 10  2.0
  tilted 0

  rectnum 2
  rects
     0  0 11 10 -1.0
     0  5 11  5  2.0
  tilted 0

  rectnum 3
  rects
     0  1  8 18 -1.0
     0  1  4  9  2.0
     4 10  4  9  2.0
  tilted 0

  rectnum 2
  rects
     0  1 16 19 -1.0
     4  1  8 19  2.0
  tilted 0

  rectnum 2
  rects
     0  1 20  9 -1.0
     5  1 10  9  2.0
  tilted 0

  rectnum 3
  rects
     0  1 20  6 -1.0
     0  1 10  3  2.0
    10  4 10  3  2.0
  tilted 0

  rectnum 2
  rects
     0  2  2 13 -1.0
     1  2  1 13  2.0
  tilted 0

  rectnum 2
  rects
     0  2  9  3 -1.0
     3  3  3  1  9.0
  tilted 0

  rectnum 2
  rects
     0  2 12  3 -1.0
     4  2  4  3  3.0
  tilted 0

  rectnum 3
  rects
     0  2  8 16 -1.0
     0  2  4  8  2.0
     4 10  4  8  2.0
  tilted 0

  rectnum 2
  rects
     0  2  6  8 -1.0
     0  6  6  4  2.0
  tilted 0

  rectnum 2
  rects
     0  2  9  8 -1.0
     0  6  9  4  2.0
  tilted 0

  rectnum 3
  rects
     0  2 20  6 -1.0
     0  2 10  3  2.0
    10  5 10  3  2.0
  tilted 0

  rectnum 3
  rects
     0  2 20  8 -1.0
     0  2 10  4  2.0
    10  6 10  4  2.0
  tilted 0

  rectnum 3
  rects
     0  2 20 16 -1.0
     0  2 10  8  2.0
    10 10 10  8  2.0
  tilted 0

  rectnum 2
  rects
     0  2 18  8 -1.0
     0  6 18  4  2.0
  tilted 0

  rectnum 2
  rects
     0  3  6  2 -1.0
     3  3  3  2  2.0
  tilted 0

  rectnum 2
  rects
     0  3  4  6 -1.0
     0  5  4  2  3.0
  tilted 0

  rectnum 3
  rects
     0  3  8 16 -1.0
     0  3  4  8  2.0
     4 11  4  8  2.0
  tilted 0

  rectnum 3
  rects
     0  3 20  6 -1.0
     0  3 10  3  2.0
    10  6 10  3  2.0
  tilted 0

  rectnum 3
  rects
     0  3 20  8 -1.0
     0  3 10  4  2.0
    10  7 10  4  2.0
  tilted 0

  rectnum 2
  rects
     0  3 20  7 -1.0
    10  3 10  7  2.0
  tilted 0

  rectnum 2
  rects
     0  3 19 16 -1.0
     0  7 19  8  2.0
  tilted 0

  rectnum 2
  rects
     0  3 20 16 -1.0
     0  7 20  8  2.0
  tilted 0

  rectnum 2
  rects
     0  3 20 10 -1.0
     0  8 20  5  2.0
  tilted 0

  rectnum 2
  rects
     0  4  3  1 -1.0
     1  4  1  1  3.0
  tilted 0

  rectnum 3
  rects
     0  4  2  6 -1.0
     0  4  1  3  2.0
     1  7  1  3  2.0
  tilted 0

  rectnum 2
  rects
     0  4  3  9 -1.0
     1  7  1  3  9.0
  tilted 0

  rectnum 2
  rects
     0  4  3  5 -1.0
     1  4  1  5  3.0
  tilted 0

  rectnum 2
  rects
     0  4  3  6 -1.0
     1  4  1  6  3.0
  tilted 0

  rectnum 2
  rects
     0  4  2  6 -1.0
     0  6  2  2  3.0
  tilted 0

  rectnum 2
  rects
     0  4 18  2 -1.0
     9  4  9  2  2.0
  tilted 0

  rectnum 2
  rects
     0  4 20  6 -1.0
    10  4 10  6  2.0
  tilted 0

  rectnum 3
  rects
     0  4 20 16 -1.0
     0  4 10  8  2.0
    10 12 10  8  2.0
  tilted 0

  rectnum 2
  rects
     0  4 12 16 -1.0
     0 12 12  8  2.0
  tilted 0

  rectnum 2
  rects
     0  5  3  5 -1.0
     1  5  1  5  3.0
  tilted 0

  rectnum 2
  rects
     0  5  3  6 -1.0
     1  5  1  6  3.0
  tilted 0

  rectnum 2
  rects
     0  5  2  9 -1.0
     1  5  1  9  2.0
  tilted 0

  rectnum 2
  rects
     0  5  2 10 -1.0
     1  5  1 10  2.0
  tilted 0

  rectnum 2
  rects
     0  5  2 11 -1.0
     1  5  1 11  2.0
  tilted 0

  rectnum 2
  rects
     0  5  2 12 -1.0
     1  5  1 12  2.0
  tilted 0

  rectnum 2
  rects
     0  5  3 12 -1.0
     1  5  1 12  3.0
  tilted 0

  rectnum 2
  rects
     0  5  5  4 -1.0
     0  7  5  2  2.0
  tilted 0

  rectnum 3
  rects
     0  5 10 12 -1.0
     0  5  5  6  2.0
     5 11  5  6  2.0
  tilted 0

  rectnum 3
  rects
     0  5 12  2 -1.0
     0  5  6  1  2.0
     6  6  6  1  2.0
  tilted 0

  rectnum 3
  rects
     0  5 12  4 -1.0
     0  5  6  2  2.0
     6  7  6  2  2.0
  tilted 0

  rectnum 3
  rects
     0  5 20  6 -1.0
     0  5 10  3  2.0
    10  8 10  3  2.0
  tilted 0

  rectnum 3
  rects
     0  5 20  8 -1.0
     0  5 10  4  2.0
    10  9 10  4  2.0
  tilted 0

  rectnum 3
  rects
     0  5 20 10 -1.0
     0  5 10  5  2.0
    10 10 10  5  2.0
  tilted 0

  rectnum 2
  rects
     0  6  3  3 -1.0
     1  7  1  1  9.0
  tilted 0

  rectnum 2
  rects
     0  6  3  4 -1.0
     1  6  1  4  3.0
  tilted 0

  rectnum 2
  rects
     0  6  4  4 -1.0
     0  8  4  2  2.0
  tilted 0

  rectnum 3
  rects
     0  6 10  8 -1.0
     0  6  5  4  2.0
     5 10  5  4  2.0
  tilted 0

  rectnum 2
  rects
     0  6 15 10 -1.0
     5  6  5 10  3.0
  tilted 0

  rectnum 2
  rects
     0  6 18  3 -1.0
     9  6  9  3  2.0
  tilted 0

  rectnum 3
  rects
     0  6 20  4 -1.0
     0  6 10  2  2.0
    10  8 10  2  2.0
  tilted 0

  rectnum 3
  rects
     0  6 20  6 -1.0
     0  6 10  3  2.0
    10  9 10  3  2.0
  tilted 0

  rectnum 3
  rects
     0  6 20  8 -1.0
     0  6 10  4  2.0
    10 10 10  4  2.0
  tilted 0

  rectnum 3
  rects
     0  6 20 14 -1.0
     0  6 10  7  2.0
    10 13 10  7  2.0
  tilted 0

  rectnum 3
  rects
     0  7  2  2 -1.0
     0  7  1  1  2.0
     1  8  1  1  2.0
  tilted 0

  rectnum 2
  rects
     0  7  3  3 -1.0
     1  8  1  1  9.0
  tilted 0

  rectnum 2
  rects
     0  7  3  6 -1.0
     1  7  1  6  3.0
  tilted 0

  rectnum 2
  rects
     0  7  9  3 -1.0
     0  8  9  1  3.0
  tilted 0

  rectnum 3
  rects
     0  7 20  4 -1.0
     0  7 10  2  2.0
    10  9 10  2  2.0
  tilted 0

  rectnum 3
  rects
     0  7 20  6 -1.0
     0  7 10  3  2.0
    10 10 10  3  2.0
  tilted 0

  rectnum 2
  rects
     0  8 20  1 -1.0
     5  8 10  1  2.0
  tilted 0

  rectnum 3
  rects
     0  8 12  2 -1.0
     0  8  6  1  2.0
     6  9  6  1  2.0
  tilted 0

  rectnum 3
  rects
     0  8 20  4 -1.0
     0  8 10  2  2.0
    10 10 10  2  2.0
  tilted 0

  rectnum 3
  rects
     0  8 20  6 -1.0
     0  8 10  3  2.0
    10 11 10  3  2.0
  tilted 0

  rectnum 3
  rects
     0  8 20 10 -1.0
     0  8 10  5  2.0
    10 13 10  5  2.0
  tilted 0

  rectnum 3
  rects
     0  9  2 10 -1.0
     0  9  1  5  2.0
     1 14  1  5  2.0
  tilted 0

  rectnum 3
  rects
     0  9 14  2 -1.0
     0  9  7  1  2.0
     7 10  7  1  2.0
  tilted 0

  rectnum 2
  rects
     0  9 20  1 -1.0
    10  9 10  1  2.0
  tilted 0

  rectnum 3
  rects
     0 10 20  4 -1.0
     0 10 10  2  2.0
    10 12 10  2  2.0
  tilted 0

  rectnum 3
  rects
     0 10 20  8 -1.0
     0 10 10  4  2.0
    10 14 10  4  2.0
  tilted 0

  rectnum 2
  rects
     0 10 13  3 -1.0
     0 11 13  1  3.0
  tilted 0

  rectnum 2
  rects
     0 11  2  9 -1.0
     0 14  2  3  3.0
  tilted 0

  rectnum 2
  rects
     0 11  4  5 -1.0
     2 11  2  5  2.0
  tilted 0

  rectnum 2
  rects
     0 11  4  8 -1.0
     2 11  2  8  2.0
  tilted 0

  rectnum 2
  rects
     0 12  2  3 -1.0
     1 12  1  3  2.0
  tilted 0

  rectnum 2
  rects
     0 12  1  8 -1.0
     0 16  1  4  2.0
  tilted 0

  rectnum 2
  rects
     0 12  2  6 -1.0
     0 14  2  2  3.0
  tilted 0

  rectnum 2
  rects
     0 12  4  6 -1.0
     2 12  2  6  2.0
  tilted 0

  rectnum 2
  rects
     0 12  4  7 -1.0
     2 12  2  7  2.0
  tilted 0

  rectnum 2
  rects
     0 12  4  8 -1.0
     2 12  2  8  2.0
  tilted 0

  rectnum 2
  rects
     0 12  6  6 -1.0
     0 15  6  3  2.0
  tilted 0

  rectnum 2
  rects
     0 13  1  2 -1.0
     0 14  1  1  2.0
  tilted 0

  rectnum 3
  rects
     0 13  2  2 -1.0
     0 13  1  1  2.0
     1 14  1  1  2.0
  tilted 0

  rectnum 2
  rects
     0 13  4  2 -1.0
     2 13  2  2  2.0
  tilted 0

  rectnum 2
  rects
     0 13  2  4 -1.0
     0 15  2  2  2.0
  tilted 0

  rectnum 2
  rects
     0 14  1  2 -1.0
     0 15  1  1  2.0
  tilted 0

  rectnum 2
  rects
     0 14  1  4 -1.0
     0 15  1  2  2.0
  tilted 0

  rectnum 2
  rects
     0 14  2  2 -1.0
     1 14  1  2  2.0
  tilted 0

  rectnum 2
  rects
     0 14  3  6 -1.0
     1 16  1  2  9.0
  tilted 0

  rectnum 3
  rects
     0 14 18  6 -1.0
     0 14  9  3  2.0
     9 17  9  3  2.0
  tilted 0

  rectnum 2
  rects
     0 15  1  4 -1.0
     0 16  1  2  2.0
  tilted 0

  rectnum 2
  rects
     0 16  2  4 -1.0
     0 17  2  2  2.0
  tilted 0

  rectnum 2
  rects
     0 16  6  3 -1.0
     2 17  2  1  9.0
  tilted 0

  rectnum 2
  rects
     0 16 20  2 -1.0
    10 16 10  2  2.0
  tilted 0

  rectnum 3
  rects
     0 16 20  4 -1.0
     0 16 10  2  2.0
    10 18 10  2  2.0
  tilted 0

  rectnum 2
  rects
     0 17  1  3 -1.0
     0 18  1  1  3.0
  tilted 0

  rectnum 2
  rects
     0 17  3  3 -1.0
     1 18  1  1  9.0
  tilted 0

  rectnum 2
  rects
     0 17  3  3 -1.0
     0 18  3  1  3.0
  tilted 0

  rectnum 2
  rects
     0 17 20  1 -1.0
    10 17 10  1  2.0
  tilted 0

  rectnum 2
  rects
     0 17 20  3 -1.0
    10 17 10  3  2.0
  tilted 0

  rectnum 2
  rects
     0 17 19  3 -1.0
     0 18 19  1  3.0
  tilted 0

  rectnum 2
  rects
     0 17 20  3 -1.0
     0 18 20  1  3.0
  tilted 0

  rectnum 2
  rects
     0 19  2  1 -1.0
     1 19  1  1  2.0
  tilted 0

  rectnum 2
  rects
     0 19  4  1 -1.0
     1 19  2  1  2.0
  tilted 0

  rectnum 2
  rects
     0 19  6  1 -1.0
     2 19  2  1  3.0
  tilted 0

  rectnum 2
  rects
     0 19  8  1 -1.0
     2 19  4  1  2.0
  tilted 0

  rectnum 2
  rects
     0 19 14  1 -1.0
     7 19  7  1  2.0
  tilted 0

  rectnum 2
  rects
     0 19 20  1 -1.0
    10 19 10  1  2.0
  tilted 0

  rectnum 2
  rects
     1  0  2 20 -1.0
     1  5  2 10  2.0
  tilted 0

  rectnum 2
  rects
     1  0 12 12 -1.0
     5  4  4  4  9.0
  tilted 0

  rectnum 2
  rects
     1  0  4 20 -1.0
     1  5  4 10  2.0
  tilted 0

  rectnum 2
  rects
     1  0  7  9 -1.0
     1  3  7  3  3.0
  tilted 0

  rectnum 3
  rects
     1  2  6 16 -1.0
     1  2  3  8  2.0
     4 10  3  8  2.0
  tilted 0

  rectnum 2
  rects
     1  2 12  4 -1.0
     5  2  4  4  3.0
  tilted 0

  rectnum 2
  rects
     1  2  8 11 -1.0
     5  2  4 11  2.0
  tilted 0

  rectnum 3
  rects
     1  2 18  6 -1.0
     1  2  9  3  2.0
    10  5  9  3  2.0
  tilted 0

  rectnum 3
  rects
     1  2 18 18 -1.0
     1  2  9  9  2.0
    10 11  9  9  2.0
  tilted 0

  rectnum 2
  rects
     1  3  6  2 -1.0
     3  3  2  2  3.0
  tilted 0

  rectnum 2
  rects
     1  3  6  2 -1.0
     4  3  3  2  2.0
  tilted 0

  rectnum 2
  rects
     1  3 14  1 -1.0
     8  3  7  1  2.0
  tilted 0

  rectnum 2
  rects
     1  4 12  9 -1.0
     5  7  4  3  9.0
  tilted 0

  rectnum 2
  rects
     1  6  1  3 -1.0
     1  7  1  1  3.0
  tilted 0

  rectnum 3
  rects
     1  6  8 10 -1.0
     1  6  4  5  2.0
     5 11  4  5  2.0
  tilted 0

  rectnum 3
  rects
     1  6 18  6 -1.0
     1  6  9  3  2.0
    10  9  9  3  2.0
  tilted 0

  rectnum 2
  rects
     1  7  1  3 -1.0
     1  8  1  1  3.0
  tilted 0

  rectnum 3
  rects
     1  7  2  6 -1.0
     1  7  1  3  2.0
     2 10  1  3  2.0
  tilted 0

  rectnum 3
  rects
     1  7  6  6 -1.0
     1  7  3  3  2.0
     4 10  3  3  2.0
  tilted 0

  rectnum 3
  rects
     1  7  8  8 -1.0
     1  7  4  4  2.0
     5 11  4  4  2.0
  tilted 0

  rectnum 3
  rects
     1  7 18  6 -1.0
     1  7  9  3  2.0
    10 10  9  3  2.0
  tilted 0

  rectnum 2
  rects
     1  7 19  3 -1.0
     1  8 19  1  3.0
  tilted 0

  rectnum 3
  rects
     1  8 12  2 -1.0
     1  8  6  1  2.0
     7  9  6  1  2.0
  tilted 0

  rectnum 3
  rects
     1  8 18  2 -1.0
     1  8  9  1  2.0
    10  9  9  1  2.0
  tilted 0

  rectnum 2
  rects
     1  8 18  3 -1.0
     1  9 18  1  3.0
  tilted 0

  rectnum 2
  rects
     1  9 19  3 -1.0
     1 10 19  1  3.0
  tilted 0

  rectnum 2
  rects
     1 10  2  1 -1.0
     2 10  1  1  2.0
  tilted 0

  rectnum 3
  rects
     1 10 12  2 -1.0
     1 10  6  1  2.0
     7 11  6  1  2.0
  tilted 0

  rectnum 3
  rects
     1 11 18  4 -1.0
     1 11  9  2  2.0
    10 13  9  2  2.0
  tilted 0

  rectnum 2
  rects
     1 12  4  7 -1.0
     3 12  2  7  2.0
  tilted 0

  rectnum 2
  rects
     1 13  4  1 -1.0
     1 13  2  1  2.0
  tilted 1

  rectnum 2
  rects
     1 13 19  3 -1.0
     1 14 19  1  3.0
  tilted 0

  rectnum 2
  rects
     1 14  4  6 -1.0
     3 14  2  6  2.0
  tilted 0

  rectnum 2
  rects
     1 15  4  1 -1.0
     1 15  2  1  2.0
  tilted 1

  rectnum 3
  rects
     1 15 18  4 -1.0
     1 15  9  2  2.0
    10 17  9  2  2.0
  tilted 0

  rectnum 2
  rects
     1 15 18  4 -1.0
    10 15  9  4  2.0
  tilted 0

  rectnum 2
  rects
     2  0  9  1 -1.0
     5  3  3  1  3.0
  tilted 1

  rectnum 2
  rects
     2  1  9  9 -1.0
     5  1  3  9  3.0
  tilted 0

  rectnum 2
  rects
     2  1  8  2 -1.0
     2  1  4  2  2.0
  tilted 1

  rectnum 2
  rects
     2  1 15  3 -1.0
     7  2  5  1  9.0
  tilted 0

  rectnum 2
  rects
     2  3  9 13 -1.0
     5  3  3 13  3.0
  tilted 0

  rectnum 2
  rects
     2  3 16  3 -1.0
    10  3  8  3  2.0
  tilted 0

  rectnum 3
  rects
     2  3 18  6 -1.0
     2  3  9  3  2.0
    11  6  9  3  2.0
  tilted 0

  rectnum 2
  rects
     2  5  6 12 -1.0
     4  9  2  4  9.0
  tilted 0

  rectnum 3
  rects
     2  5 16 10 -1.0
     2  5  8  5  2.0
    10 10  8  5  2.0
  tilted 0

  rectnum 2
  rects
     2  6 16  1 -1.0
     6  6  8  1  2.0
  tilted 0

  rectnum 2
  rects
     2  7  3  2 -1.0
     3  8  1  2  3.0
  tilted 1

  rectnum 2
  rects
     2  7 16  1 -1.0
     6  7  8  1  2.0
  tilted 0

  rectnum 3
  rects
     2  8 16  8 -1.0
     2  8  8  4  2.0
    10 12  8  4  2.0
  tilted 0

  rectnum 2
  rects
     2 10  2 10 -1.0
     2 15  2  5  2.0
  tilted 0

  rectnum 3
  rects
     2 11 10  2 -1.0
     2 11  5  1  2.0
     7 12  5  1  2.0
  tilted 0

  rectnum 2
  rects
     2 12  7  3 -1.0
     2 13  7  1  3.0
  tilted 0

  rectnum 2
  rects
     2 13 16  1 -1.0
     6 13  8  1  2.0
  tilted 0

  rectnum 2
  rects
     2 13 16  3 -1.0
     2 14 16  1  3.0
  tilted 0

  rectnum 2
  rects
     2 14  2  5 -1.0
     3 14  1  5  2.0
  tilted 0

  rectnum 2
  rects
     2 17 16  3 -1.0
    10 17  8  3  2.0
  tilted 0

  rectnum 2
  rects
     2 18  1  2 -1.0
     2 19  1  1  2.0
  tilted 0

  rectnum 2
  rects
     2 18 12  2 -1.0
     5 18  6  2  2.0
  tilted 0

  rectnum 2
  rects
     2 18 18  2 -1.0
    11 18  9  2  2.0
  tilted 0

  rectnum 2
  rects
     2 19  6  1 -1.0
     4 19  2  1  3.0
  tilted 0

  rectnum 2
  rects
     2 19  8  1 -1.0
     4 19  4  1  2.0
  tilted 0

  rectnum 2
  rects
     3  0 12  3 -1.0
     3  1 12  1  3.0
  tilted 0

  rectnum 2
  rects
     3  0 14  4 -1.0
     3  2 14  2  2.0
  tilted 0

  rectnum 2
  rects
     3  1  6  3 -1.0
     5  2  2  1  9.0
  tilted 0

  rectnum 2
  rects
     3  1  6 14 -1.0
     5  1  2 14  3.0
  tilted 0

  rectnum 3
  rects
     3  2 16 18 -1.0
     3  2  8  9  2.0
    11 11  8  9  2.0
  tilted 0

  rectnum 2
  rects
     3  3  6  3 -1.0
     5  4  2  1  9.0
  tilted 0

  rectnum 2
  rects
     3  3  6 13 -1.0
     5  3  2 13  3.0
  tilted 0

  rectnum 2
  rects
     3  4  9  2 -1.0
     6  4  3  2  3.0
  tilted 0

  rectnum 3
  rects
     3  4 14  6 -1.0
     3  4  7  3  2.0
    10  7  7  3  2.0
  tilted 0

  rectnum 2
  rects
     3  5  9  2 -1.0
     6  5  3  2  3.0
  tilted 0

  rectnum 3
  rects
     3  5 14  8 -1.0
     3  5  7  4  2.0
    10  9  7  4  2.0
  tilted 0

  rectnum 2
  rects
     3  6  1  3 -1.0
     3  7  1  1  3.0
  tilted 0

  rectnum 2
  rects
     3  6  8 13 -1.0
     5  6  4 13  2.0
  tilted 0

  rectnum 2
  rects
     3  7  6  9 -1.0
     5  7  2  9  3.0
  tilted 0

  rectnum 2
  rects
     3 11 14  3 -1.0
     3 12 14  1  3.0
  tilted 0

  rectnum 2
  rects
     3 12 14  3 -1.0
     3 13 14  1  3.0
  tilted 0

  rectnum 2
  rects
     3 13 15  3 -1.0
     3 14 15  1  3.0
  tilted 0

  rectnum 2
  rects
     3 14 14  3 -1.0
     3 15 14  1  3.0
  tilted 0

  rectnum 2
  rects
     3 15 14  3 -1.0
     3 16 14  1  3.0
  tilted 0

  rectnum 2
  rects
     3 15 15  3 -1.0
     3 16 15  1  3.0
  tilted 0

  rectnum 2
  rects
     3 17  9  3 -1.0
     3 18  9  1  3.0
  tilted 0

  rectnum 2
  rects
     3 19  8  1 -1.0
     5 19  4  1  2.0
  tilted 0

  rectnum 2
  rects
     3 19  9  1 -1.0
     6 19  3  1  3.0
  tilted 0

  rectnum 2
  rects
     3 19 12  1 -1.0
     7 19  4  1  3.0
  tilted 0

  rectnum 2
  rects
     4  0  2  4 -1.0
     4  0  2  2  2.0
  tilted 1

  rectnum 2
  rects
     4  0 12  8 -1.0
     4  4 12  4  2.0
  tilted 0

  rectnum 2
  rects
     4  1  3  6 -1.0
     5  3  1  2  9.0
  tilted 0

  rectnum 2
  rects
     4  1 12  3 -1.0
     8  5  4  3  3.0
  tilted 1

  rectnum 2
  rects
     4  2  2  2 -1.0
     4  2  2  1  2.0
  tilted 1

  rectnum 3
  rects
     4  2 12 18 -1.0
     4  2  6  9  2.0
    10 11  6  9  2.0
  tilted 0

  rectnum 2
  rects
     4  3  6  3 -1.0
     6  4  2  1  9.0
  tilted 0

  rectnum 2
  rects
     4  3 12  1 -1.0
    10  3  6  1  2.0
  tilted 0

  rectnum 2
  rects
     4  3 16  8 -1.0
     4  7 16  4  2.0
  tilted 0

  rectnum 2
  rects
     4  4  6  9 -1.0
     6  7  2  3  9.0
  tilted 0

  rectnum 2
  rects
     4  5  2  1 -1.0
     5  5  1  1  2.0
  tilted 0

  rectnum 2
  rects
     4  6  4 10 -1.0
     5  6  2 10  2.0
  tilted 0

  rectnum 2
  rects
     4  6  7  4 -1.0
     4  6  7  2  2.0
  tilted 1

  rectnum 3
  rects
     4  8 12  6 -1.0
     4  8  6  3  2.0
    10 11  6  3  2.0
  tilted 0

  rectnum 3
  rects
     4  8 12  8 -1.0
     4  8  6  4  2.0
    10 12  6  4  2.0
  tilted 0

  rectnum 2
  rects
     4 10  8  3 -1.0
     6 10  4  3  2.0
  tilted 0

  rectnum 2
  rects
     4 14  9  3 -1.0
     4 15  9  1  3.0
  tilted 0

  rectnum 2
  rects
     4 19  3  1 -1.0
     5 19  1  1  3.0
  tilted 0

  rectnum 2
  rects
     4 19 15  1 -1.0
     9 19  5  1  3.0
  tilted 0

  rectnum 2
  rects
     4 19 16  1 -1.0
    12 19  8  1  2.0
  tilted 0

  rectnum 2
  rects
     5  0  1  3 -1.0
     5  1  1  1  3.0
  tilted 0

  rectnum 2
  rects
     5  0  3 12 -1.0
     6  4  1  4  9.0
  tilted 0

  rectnum 2
  rects
     5  0  5  3 -1.0
     5  1  5  1  3.0
  tilted 0

  rectnum 2
  rects
     5  0 15 12 -1.0
    10  4  5  4  9.0
  tilted 0

  rectnum 2
  rects
     5  2  6  1 -1.0
     7  4  2  1  3.0
  tilted 1

  rectnum 2
  rects
     5  3  2  1 -1.0
     6  3  1  1  2.0
  tilted 0

  rectnum 2
  rects
     5  3  3  9 -1.0
     6  6  1  3  9.0
  tilted 0

  rectnum 2
  rects
     5  3  2  3 -1.0
     4  4  2  1  3.0
  tilted 1

  rectnum 2
  rects
     5  4  1  4 -1.0
     5  6  1  2  2.0
  tilted 0

  rectnum 2
  rects
     5  4  4 16 -1.0
     6  4  2 16  2.0
  tilted 0

  rectnum 2
  rects
     5  5  3  9 -1.0
     6  8  1  3  9.0
  tilted 0

  rectnum 2
  rects
     5  5  9  1 -1.0
     8  5  3  1  3.0
  tilted 0

  rectnum 2
  rects
     5  6 15  4 -1.0
    10  6  5  4  3.0
  tilted 0

  rectnum 2
  rects
     5  7  3  9 -1.0
     6  7  1  9  3.0
  tilted 0

  rectnum 2
  rects
     5 11  8  9 -1.0
     7 11  4  9  2.0
  tilted 0

  rectnum 2
  rects
     5 13 12  3 -1.0
     5 14 12  1  3.0
  tilted 0

  rectnum 2
  rects
     6  0  3  6 -1.0
     6  2  3  2  3.0
  tilted 0

  rectnum 2
  rects
     6  0  9  6 -1.0
     9  2  3  2  9.0
  tilted 0

  rectnum 2
  rects
     6  1  4 15 -1.0
     8  1  2 15  2.0
  tilted 0

  rectnum 2
  rects
     6  1  4 18 -1.0
     8  1  2 18  2.0
  tilted 0

  rectnum 2
  rects
     6  1  9 18 -1.0
     9  1  3 18  3.0
  tilted 0

  rectnum 2
  rects
     6  2  2  2 -1.0
     7  2  1  2  2.0
  tilted 0

  rectnum 2
  rects
     6  2  3  6 -1.0
     6  2  3  3  2.0
  tilted 1

  rectnum 2
  rects
     6  3  1  6 -1.0
     6  3  1  3  2.0
  tilted 1

  rectnum 3
  rects
     6  3  8 12 -1.0
     6  3  4  6  2.0
    10  9  4  6  2.0
  tilted 0

  rectnum 3
  rects
     6  3  8 14 -1.0
     6  3  4  7  2.0
    10 10  4  7  2.0
  tilted 0

  rectnum 2
  rects
     6  4  1  8 -1.0
     6  6  1  4  2.0
  tilted 0

  rectnum 2
  rects
     6  5  2  1 -1.0
     7  5  1  1  2.0
  tilted 0

  rectnum 2
  rects
     6  5  4 15 -1.0
     7  5  2 15  2.0
  tilted 0

  rectnum 2
  rects
     6  5  4  1 -1.0
     8  5  2  1  2.0
  tilted 0

  rectnum 2
  rects
     6  6  4 10 -1.0
     7  6  2 10  2.0
  tilted 0

  rectnum 2
  rects
     6  7  3 11 -1.0
     7  7  1 11  3.0
  tilted 0

  rectnum 3
  rects
     6  8  2  2 -1.0
     6  8  1  1  2.0
     7  9  1  1  2.0
  tilted 0

  rectnum 2
  rects
     6 15 12  3 -1.0
     6 16 12  1  3.0
  tilted 0

  rectnum 2
  rects
     6 17 12  3 -1.0
     6 18 12  1  3.0
  tilted 0

  rectnum 2
  rects
     6 18  4  2 -1.0
     8 18  2  2  2.0
  tilted 0

  rectnum 2
  rects
     6 18  8  2 -1.0
     8 18  4  2  2.0
  tilted 0

  rectnum 2
  rects
     6 19  9  1 -1.0
     9 19  3  1  3.0
  tilted 0

  rectnum 2
  rects
     7  1  6 16 -1.0
     9  1  2 16  3.0
  tilted 0

  rectnum 2
  rects
     7  2 12 16 -1.0
    11  2  4 16  3.0
  tilted 0

  rectnum 2
  rects
     7  2 12  2 -1.0
    13  2  6  2  2.0
  tilted 0

  rectnum 2
  rects
     7  2  8  6 -1.0
     7  4  8  2  3.0
  tilted 0

  rectnum 2
  rects
     7  3  2  1 -1.0
     7  3  1  1  2.0
  tilted 1

  rectnum 2
  rects
     7  4  1  2 -1.0
     7  4  1  1  2.0
  tilted 1

  rectnum 3
  rects
     7  4  6 16 -1.0
     7  4  3  8  2.0
    10 12  3  8  2.0
  tilted 0

  rectnum 2
  rects
     7  4 12 16 -1.0
    11  4  4 16  3.0
  tilted 0

  rectnum 3
  rects
     7  5  6 12 -1.0
     7  5  3  6  2.0
    10 11  3  6  2.0
  tilted 0

  rectnum 2
  rects
     7  6  3  9 -1.0
     8  6  1  9  3.0
  tilted 0

  rectnum 3
  rects
     7  6  6 14 -1.0
     7  6  3  7  2.0
    10 13  3  7  2.0
  tilted 0

  rectnum 2
  rects
     7  7  3  3 -1.0
     8  7  1  3  3.0
  tilted 0

  rectnum 2
  rects
     7  7  3  8 -1.0
     8  7  1  8  3.0
  tilted 0

  rectnum 3
  rects
     7  7 12  2 -1.0
     7  7  6  1  2.0
    13  8  6  1  2.0
  tilted 0

  rectnum 2
  rects
     7  8  5  3 -1.0
     7  9  5  1  3.0
  tilted 0

  rectnum 2
  rects
     7  9  6  3 -1.0
     7 10  6  1  3.0
  tilted 0

  rectnum 2
  rects
     7  9  8  3 -1.0
     7 10  8  1  3.0
  tilted 0

  rectnum 2
  rects
     7 10 10  3 -1.0
     7 11 10  1  3.0
  tilted 0

  rectnum 2
  rects
     7 12  4  3 -1.0
     7 13  4  1  3.0
  tilted 0

  rectnum 2
  rects
     7 12  5  3 -1.0
     7 13  5  1  3.0
  tilted 0

  rectnum 2
  rects
     7 12  6  3 -1.0
     7 13  6  1  3.0
  tilted 0

  rectnum 2
  rects
     7 14  4  3 -1.0
     7 15  4  1  3.0
  tilted 0

  rectnum 2
  rects
     7 14  6  3 -1.0
     7 15  6  1  3.0
  tilted 0

  rectnum 2
  rects
     7 18  4  2 -1.0
     8 18  2  2  2.0
  tilted 0

  rectnum 2
  rects
     7 18  6  2 -1.0
     9 18  2  2  3.0
  tilted 0

  rectnum 2
  rects
     7 19  8  1 -1.0
     9 19  4  1  2.0
  tilted 0

  rectnum 2
  rects
     8  0  2 20 -1.0
     8 10  2 10  2.0
  tilted 0

  rectnum 2
  rects
     8  0  9 12 -1.0
    11  4  3  4  9.0
  tilted 0

  rectnum 2
  rects
     8  1  2  8 -1.0
     8  1  2  4  2.0
  tilted 1

  rectnum 2
  rects
     8  1  5  8 -1.0
     8  1  5  4  2.0
  tilted 1

  rectnum 2
  rects
     8  2  2  3 -1.0
     7  3  2  1  3.0
  tilted 1

  rectnum 2
  rects
     8  4  6 12 -1.0
    10  4  2 12  3.0
  tilted 0

  rectnum 2
  rects
     8  4  9  1 -1.0
    11  4  3  1  3.0
  tilted 0

  rectnum 2
  rects
     8  4  9  2 -1.0
    11  4  3  2  3.0
  tilted 0

  rectnum 2
  rects
     8  5  6  5 -1.0
    11  5  3  5  2.0
  tilted 0

  rectnum 3
  rects
     8  5 12  4 -1.0
     8  5  6  2  2.0
    14  7  6  2  2.0
  tilted 0

  rectnum 2
  rects
     8  7  4  4 -1.0
     9  7  2  4  2.0
  tilted 0

  rectnum 2
  rects
     8  8  1  3 -1.0
     8  9  1  1  3.0
  tilted 0

  rectnum 2
  rects
     8  8 12 12 -1.0
     8 14 12  6  2.0
  tilted 0

  rectnum 3
  rects
     8  9 10  2 -1.0
     8  9  5  1  2.0
    13 10  5  1  2.0
  tilted 0

  rectnum 3
  rects
     8 11  4  8 -1.0
     8 11  2  4  2.0
    10 15  2  4  2.0
  tilted 0

  rectnum 2
  rects
     8 13  5  3 -1.0
     8 14  5  1  3.0
  tilted 0

  rectnum 2
  rects
     8 14  8  3 -1.0
     8 15  8  1  3.0
  tilted 0

  rectnum 2
  rects
     8 17  9  3 -1.0
    11 17  3  3  3.0
  tilted 0

  rectnum 2
  rects
     8 17 10  3 -1.0
     8 18 10  1  3.0
  tilted 0

  rectnum 2
  rects
     8 18  4  2 -1.0
     9 18  2  2  2.0
  tilted 0

  rectnum 2
  rects
     8 18  4  2 -1.0
    10 18  2  2  2.0
  tilted 0

  rectnum 2
  rects
     8 18  6  2 -1.0
    10 18  2  2  3.0
  tilted 0

  rectnum 2
  rects
     8 19  9  1 -1.0
    11 19  3  1  3.0
  tilted 0

  rectnum 3
  rects
     9  0 10  2 -1.0
     9  0  5  1  2.0
    14  1  5  1  2.0
  tilted 0

  rectnum 2
  rects
     9  1 11 10 -1.0
     9  6 11  5  2.0
  tilted 0

  rectnum 2
  rects
     9  2  9 14 -1.0
    12  2  3 14  3.0
  tilted 0

  rectnum 2
  rects
     9  4  6  2 -1.0
    11  4  2  2  3.0
  tilted 0

  rectnum 2
  rects
     9  6  3  8 -1.0
    10  6  1  8  3.0
  tilted 0

  rectnum 2
  rects
     9  6  9  9 -1.0
    12  9  3  3  9.0
  tilted 0

  rectnum 2
  rects
     9  7  3  4 -1.0
    10  7  1  4  3.0
  tilted 0

  rectnum 2
  rects
     9  8  9 12 -1.0
    12 12  3  4  9.0
  tilted 0

  rectnum 2
  rects
     9  9  2  4 -1.0
     9 11  2  2  2.0
  tilted 0

  rectnum 2
  rects
     9  9  3  8 -1.0
     9  9  3  4  2.0
  tilted 1

  rectnum 2
  rects
     9  9 10  1 -1.0
     9  9  5  1  2.0
  tilted 1

  rectnum 2
  rects
     9  9  7  4 -1.0
     9  9  7  2  2.0
  tilted 1

  rectnum 2
  rects
     9 17  7  3 -1.0
     9 18  7  1  3.0
  tilted 0

  rectnum 2
  rects
     9 18  6  2 -1.0
    11 18  2  2  3.0
  tilted 0

  rectnum 2
  rects
     9 18  9  2 -1.0
    12 18  3  2  3.0
  tilted 0

  rectnum 2
  rects
    10  0  1 20 -1.0
    10 10  1 10  2.0
  tilted 0

  rectnum 2
  rects
    10  0  6  6 -1.0
    12  2  2  2  9.0
  tilted 0

  rectnum 2
  rects
    10  0  6  9 -1.0
    12  3  2  3  9.0
  tilted 0

  rectnum 2
  rects
    10  0  5  3 -1.0
    10  1  5  1  3.0
  tilted 0

  rectnum 2
  rects
    10  2  6  2 -1.0
    12  2  2  2  3.0
  tilted 0

  rectnum 2
  rects
    10  4  4 14 -1.0
    11  4  2 14  2.0
  tilted 0

  rectnum 2
  rects
    10  5  3  5 -1.0
    11  5  1  5  3.0
  tilted 0

  rectnum 2
  rects
    10  6  3  8 -1.0
    11  6  1  8  3.0
  tilted 0

  rectnum 3
  rects
    10  6 10  8 -1.0
    10  6  5  4  2.0
    15 10  5  4  2.0
  tilted 0

  rectnum 2
  rects
    10  7  2  5 -1.0
    11  7  1  5  2.0
  tilted 0

  rectnum 2
  rects
    10  7  3  5 -1.0
    11  7  1  5  3.0
  tilted 0

  rectnum 2
  rects
    10  7  6  6 -1.0
    12  9  2  2  9.0
  tilted 0

  rectnum 2
  rects
    10  7  6  9 -1.0
    12 10  2  3  9.0
  tilted 0

  rectnum 3
  rects
    10  8  2  4 -1.0
    10  8  1  2  2.0
    11 10  1  2  2.0
  tilted 0

  rectnum 2
  rects
    10  8 10 12 -1.0
    10 14 10  6  2.0
  tilted 0

  rectnum 2
  rects
    10 15 10  3 -1.0
    10 16 10  1  3.0
  tilted 0

  rectnum 2
  rects
    10 19  3  1 -1.0
    11 19  1  1  3.0
  tilted 0

  rectnum 2
  rects
    10 19 10  1 -1.0
    15 19  5  1  2.0
  tilted 0

  rectnum 2
  rects
    11  0  6 12 -1.0
    13  4  2  4  9.0
  tilted 0

  rectnum 2
  rects
    11  2  9  3 -1.0
    14  2  3  3  3.0
  tilted 0

  rectnum 2
  rects
    11  2  8  8 -1.0
    11  6  8  4  2.0
  tilted 0

  rectnum 2
  rects
    11  3  9  3 -1.0
    14  3  3  3  3.0
  tilted 0

  rectnum 2
  rects
    11  3  9  8 -1.0
    11  7  9  4  2.0
  tilted 0

  rectnum 2
  rects
    11  5  4 10 -1.0
    12  5  2 10  2.0
  tilted 0

  rectnum 3
  rects
    11  5  8 12 -1.0
    11  5  4  6  2.0
    15 11  4  6  2.0
  tilted 0

  rectnum 2
  rects
    11  6  6  9 -1.0
    13  9  2  3  9.0
  tilted 0

  rectnum 2
  rects
    11  6  6 10 -1.0
    13  6  2 10  3.0
  tilted 0

  rectnum 2
  rects
    11  9  1  3 -1.0
    11 10  1  1  3.0
  tilted 0

  rectnum 2
  rects
    11 11  4  5 -1.0
    11 11  2  5  2.0
  tilted 1

  rectnum 2
  rects
    11 19  6  1 -1.0
    13 19  2  1  3.0
  tilted 0

  rectnum 2
  rects
    12  0  1 20 -1.0
    12 10  1 10  2.0
  tilted 0

  rectnum 2
  rects
    12  0  4  1 -1.0
    12  0  2  1  2.0
  tilted 1

  rectnum 2
  rects
    12  0  2 20 -1.0
    12 10  2 10  2.0
  tilted 0

  rectnum 2
  rects
    12  0  8  6 -1.0
    12  3  8  3  2.0
  tilted 0

  rectnum 2
  rects
    12  1  3 15 -1.0
    13  1  1 15  3.0
  tilted 0

  rectnum 2
  rects
    12  1  7 10 -1.0
    12  6  7  5  2.0
  tilted 0

  rectnum 3
  rects
    12  2  8 18 -1.0
    12  2  4  9  2.0
    16 11  4  9  2.0
  tilted 0

  rectnum 2
  rects
    12  3  6  3 -1.0
    14  4  2  1  9.0
  tilted 0

  rectnum 2
  rects
    12  3  8  2 -1.0
    16  3  4  2  2.0
  tilted 0

  rectnum 3
  rects
    12  3  8 16 -1.0
    12  3  4  8  2.0
    16 11  4  8  2.0
  tilted 0

  rectnum 2
  rects
    12  4  2 12 -1.0
     9  7  2  6  2.0
  tilted 1

  rectnum 2
  rects
    12  5  2  1 -1.0
    13  5  1  1  2.0
  tilted 0

  rectnum 2
  rects
    12  5  3 10 -1.0
    13  5  1 10  3.0
  tilted 0

  rectnum 3
  rects
    12  5  8 10 -1.0
    12  5  4  5  2.0
    16 10  4  5  2.0
  tilted 0

  rectnum 2
  rects
    12  8  3  8 -1.0
    13  8  1  8  3.0
  tilted 0

  rectnum 2
  rects
    12  8  4 11 -1.0
    13  8  2 11  2.0
  tilted 0

  rectnum 2
  rects
    12  8  7 12 -1.0
    12 12  7  4  3.0
  tilted 0

  rectnum 2
  rects
    12 12  4  8 -1.0
    14 12  2  8  2.0
  tilted 0

  rectnum 2
  rects
    12 13  8  6 -1.0
    16 13  4  6  2.0
  tilted 0

  rectnum 2
  rects
    12 19  4  1 -1.0
    13 19  2  1  2.0
  tilted 0

  rectnum 2
  rects
    12 19  8  1 -1.0
    14 19  4  1  2.0
  tilted 0

  rectnum 2
  rects
    13  0  7  6 -1.0
    13  3  7  3  2.0
  tilted 0

  rectnum 2
  rects
    13  1  6  9 -1.0
    16  1  3  9  2.0
  tilted 0

  rectnum 2
  rects
    13  2  6  3 -1.0
    15  2  2  3  3.0
  tilted 0

  rectnum 2
  rects
    13  3  4  1 -1.0
    14  4  2  1  2.0
  tilted 1

  rectnum 2
  rects
    13  3  4 11 -1.0
    14  3  2 11  2.0
  tilted 0

  rectnum 2
  rects
    13  4  4  1 -1.0
    15  4  2  1  2.0
  tilted 0

  rectnum 2
  rects
    13  4  6  2 -1.0
    16  4  3  2  2.0
  tilted 0

  rectnum 2
  rects
    13  5  4  1 -1.0
    14  5  2  1  2.0
  tilted 0

  rectnum 2
  rects
    13 11  4  3 -1.0
    15 11  2  3  2.0
  tilted 0

  rectnum 2
  rects
    13 12  6  6 -1.0
    13 14  6  2  3.0
  tilted 0

  rectnum 3
  rects
    13 14  6  4 -1.0
    13 14  3  2  2.0
    16 16  3  2  2.0
  tilted 0

  rectnum 2
  rects
    14  0  3  3 -1.0
    15  1  1  1  9.0
  tilted 0

  rectnum 2
  rects
    14  0  2 16 -1.0
    15  0  1 16  2.0
  tilted 0

  rectnum 2
  rects
    14  0  4  2 -1.0
    14  0  2  2  2.0
  tilted 1

  rectnum 3
  rects
    14  2  6 16 -1.0
    14  2  3  8  2.0
    17 10  3  8  2.0
  tilted 0

  rectnum 2
  rects
    14  2  5  8 -1.0
    14  4  5  4  2.0
  tilted 0

  rectnum 2
  rects
    14  2  6  8 -1.0
    12  4  6  4  2.0
  tilted 1

  rectnum 2
  rects
    14  2  6  8 -1.0
    14  6  6  4  2.0
  tilted 0

  rectnum 2
  rects
    14  3  6  3 -1.0
    16  4  2  1  9.0
  tilted 0

  rectnum 2
  rects
    14  4  6  1 -1.0
    17  4  3  1  2.0
  tilted 0

  rectnum 2
  rects
    14  9  3  1 -1.0
    15 10  1  1  3.0
  tilted 1

  rectnum 2
  rects
    14 12  6  1 -1.0
    16 12  2  1  3.0
  tilted 0

  rectnum 2
  rects
    14 14  6  6 -1.0
    16 16  2  2  9.0
  tilted 0

  rectnum 2
  rects
    14 17  6  3 -1.0
    16 18  2  1  9.0
  tilted 0

  rectnum 2
  rects
    15  2  3  1 -1.0
    16  2  1  1  3.0
  tilted 0

  rectnum 2
  rects
    15  2  5  4 -1.0
    15  4  5  2  2.0
  tilted 0

  rectnum 2
  rects
    15  2  5  9 -1.0
    12  5  5  3  3.0
  tilted 1

  rectnum 2
  rects
    15  3  3 16 -1.0
    15  7  3  8  2.0
  tilted 0

  rectnum 2
  rects
    15  6  1  2 -1.0
    15  6  1  1  2.0
  tilted 1

  rectnum 2
  rects
    15  7  5  4 -1.0
    15  8  5  2  2.0
  tilted 0

  rectnum 2
  rects
    15 12  4  1 -1.0
    16 12  2  1  2.0
  tilted 0

  rectnum 2
  rects
    15 15  4  4 -1.0
    17 15  2  4  2.0
  tilted 0

  rectnum 3
  rects
    15 16  2  2 -1.0
    15 16  1  1  2.0
    16 17  1  1  2.0
  tilted 0

  rectnum 2
  rects
    16  0  3 20 -1.0
    16  5  3 10  2.0
  tilted 0

  rectnum 2
  rects
    16  0  4  6 -1.0
    16  2  4  2  3.0
  tilted 0

  rectnum 2
  rects
    16  0  4 10 -1.0
    16  5  4  5  2.0
  tilted 0

  rectnum 2
  rects
    16  0  4 12 -1.0
    16  6  4  6  2.0
  tilted 0

  rectnum 2
  rects
    16  2  2  2 -1.0
    16  2  2  1  2.0
  tilted 1

  rectnum 2
  rects
    16  2  3  8 -1.0
    16  6  3  4  2.0
  tilted 0

  rectnum 2
  rects
    16  3  3  8 -1.0
    14  5  3  4  2.0
  tilted 1

  rectnum 2
  rects
    16  5  4  4 -1.0
    16  7  4  2  2.0
  tilted 0

  rectnum 2
  rects
    16  6  2  6 -1.0
    14  8  2  2  3.0
  tilted 1

  rectnum 2
  rects
    16  6  4  4 -1.0
    16  8  4  2  2.0
  tilted 0

  rectnum 2
  rects
    16 10  4  6 -1.0
    18 10  2  6  2.0
  tilted 0

  rectnum 2
  rects
    16 11  4  5 -1.0
    18 11  2  5  2.0
  tilted 0

  rectnum 2
  rects
    16 12  4  3 -1.0
    18 12  2  3  2.0
  tilted 0

  rectnum 3
  rects
    16 12  4  8 -1.0
    16 12  2  4  2.0
    18 16  2  4  2.0
  tilted 0

  rectnum 2
  rects
    16 12  4  7 -1.0
    18 12  2  7  2.0
  tilted 0

  rectnum 2
  rects
    16 13  4  5 -1.0
    18 13  2  5  2.0
  tilted 0

  rectnum 2
  rects
    16 14  2  4 -1.0
    17 14  1  4  2.0
  tilted 0

  rectnum 2
  rects
    16 16  4  3 -1.0
    17 16  2  3  2.0
  tilted 0

  rectnum 2
  rects
    16 17  4  3 -1.0
    17 17  2  3  2.0
  tilted 0

  rectnum 2
  rects
    16 18  4  2 -1.0
    17 18  2  2  2.0
  tilted 0

  rectnum 2
  rects
    17  0  3 15 -1.0
    18  5  1  5  9.0
  tilted 0

  rectnum 2
  rects
    17  0  3  4 -1.0
    17  2  3  2  2.0
  tilted 0

  rectnum 2
  rects
    17  0  3  6 -1.0
    17  2  3  2  3.0
  tilted 0

  rectnum 3
  rects
    17  1  2  2 -1.0
    17  1  1  1  2.0
    18  2  1  1  2.0
  tilted 0

  rectnum 2
  rects
    17  1  2  6 -1.0
    15  3  2  2  3.0
  tilted 1

  rectnum 2
  rects
    17  2  3 12 -1.0
    18  6  1  4  9.0
  tilted 0

  rectnum 2
  rects
    17  4  1  2 -1.0
    17  4  1  1  2.0
  tilted 1

  rectnum 2
  rects
    17  4  3  9 -1.0
    18  7  1  3  9.0
  tilted 0

  rectnum 2
  rects
    17  4  3  7 -1.0
    18  4  1  7  3.0
  tilted 0

  rectnum 2
  rects
    17  5  3  4 -1.0
    18  5  1  4  3.0
  tilted 0

  rectnum 2
  rects
    17  5  3  7 -1.0
    18  5  1  7  3.0
  tilted 0

  rectnum 2
  rects
    17  6  1  3 -1.0
    17  7  1  1  3.0
  tilted 0

  rectnum 2
  rects
    17  7  3  3 -1.0
    18  8  1  1  9.0
  tilted 0

  rectnum 2
  rects
    17 10  3  4 -1.0
    16 11  3  2  2.0
  tilted 1

  rectnum 2
  rects
    17 12  3  6 -1.0
    17 15  3  3  2.0
  tilted 0

  rectnum 2
  rects
    17 17  3  3 -1.0
    18 18  1  1  9.0
  tilted 0

  rectnum 2
  rects
    18  0  2 16 -1.0
    19  0  1 16  2.0
  tilted 0

  rectnum 2
  rects
    18  2  2 13 -1.0
    19  2  1 13  2.0
  tilted 0

  rectnum 3
  rects
    18  3  2  4 -1.0
    18  3  1  2  2.0
    19  5  1  2  2.0
  tilted 0

  rectnum 2
  rects
    18  4  1  9 -1.0
    18  7  1  3  3.0
  tilted 0

  rectnum 2
  rects
    18  4  2 12 -1.0
    19  4  1 12  2.0
  tilted 0

  rectnum 2
  rects
    18  4  2 14 -1.0
    19  4  1 14  2.0
  tilted 0

  rectnum 3
  rects
    18  5  2  4 -1.0
    18  5  1  2  2.0
    19  7  1  2  2.0
  tilted 0

  rectnum 2
  rects
    18  5  2 11 -1.0
    19  5  1 11  2.0
  tilted 0

  rectnum 2
  rects
    18  6  1  3 -1.0
    18  7  1  1  3.0
  tilted 0

  rectnum 3
  rects
    18  6  2  2 -1.0
    18  6  1  1  2.0
    19  7  1  1  2.0
  tilted 0

  rectnum 2
  rects
    18  6  2  9 -1.0
    19  6  1  9  2.0
  tilted 0

  rectnum 2
  rects
    18  7  1  3 -1.0
    18  8  1  1  3.0
  tilted 0

  rectnum 2
  rects
    18  9  2  8 -1.0
    19  9  1  8  2.0
  tilted 0

  rectnum 2
  rects
    18 10  2  4 -1.0
    19 10  1  4  2.0
  tilted 0

  rectnum 2
  rects
    18 10  2  5 -1.0
    19 10  1  5  2.0
  tilted 0

  rectnum 3
  rects
    18 11  2  8 -1.0
    18 11  1  4  2.0
    19 15  1  4  2.0
  tilted 0

  rectnum 2
  rects
    18 12  2  5 -1.0
    19 12  1  5  2.0
  tilted 0

  rectnum 2
  rects
    18 14  2  2 -1.0
    19 14  1  2  2.0
  tilted 0

  rectnum 2
  rects
    18 15  2  1 -1.0
    19 15  1  1  2.0
  tilted 0

  rectnum 2
  rects
    18 16  2  4 -1.0
    18 17  2  2  2.0
  tilted 0

  rectnum 2
  rects
    18 17  2  3 -1.0
    18 18  2  1  3.0
  tilted 0

  rectnum 2
  rects
    18 19  2  1 -1.0
    19 19  1  1  2.0
  tilted 0

  rectnum 2
  rects
    19 11  1  2 -1.0
    19 12  1  1  2.0
  tilted 0

  rectnum 2
  rects
    19 11  1  4 -1.0
    19 13  1  2  2.0
  tilted 0

  rectnum 2
  rects
    19 11  1  6 -1.0
    19 14  1  3  2.0
  tilted 0

  rectnum 2
  rects
    19 12  1  2 -1.0
    19 13  1  1  2.0
  tilted 0

  rectnum 2
  rects
    19 12  1  3 -1.0
    19 13  1  1  3.0
  tilted 0

  rectnum 2
  rects
    19 12  1  4 -1.0
    19 13  1  2  2.0
  tilted 0

  rectnum 2
  rects
    19 12  1  6 -1.0
    19 14  1  2  3.0
  tilted 0

  rectnum 2
  rects
    19 12  1  8 -1.0
    19 14  1  4  2.0
  tilted 0

  rectnum 2
  rects
    19 13  1  6 -1.0
    19 15  1  2  3.0
  tilted 0

  rectnum 2
  rects
    19 14  1  6 -1.0
    19 17  1  3  2.0
  tilted 0

  rectnum 2
  rects
    19 17  1  2 -1.0
    19 18  1  1  2.0
  tilted 0

  rectnum 2
  rects
    19 17  1  3 -1.0
    19 18  1  1  3.0
  tilted 0

