15 4
          88         639         110         624
         269         695         669         632
         820         405         506         880
          30         376         797         825
         951        1011         732         590
         748          39         925         188
         500         906         912         246
         592         935         342         907
         243         815         715          30
         470         101         203         502
         986         268          32         172
         560         344         762        1002
         534         696         512         730
         237         140         491         512
         501         738         926         482

when div = 100
max value = 1023